###
n_epochs = 20
lr = 1e-2
L_optimizer = torch.optim.SGD(L.parameters(), lr=lr)

***su_L***
1 0.000561
2 0.000412
3 0.000401
4 0.000394
5 0.000389
6 0.000386
7 0.000383
8 0.000381
9 0.000379
10 0.000378
12 0.000375
15 0.000372
18 0.000370
20 0.000369

###
n_epochs = 20
lr = 5e-3
L_optimizer = torch.optim.SGD(L.parameters(), lr=lr)

***su_L***
1 0.000666
2 0.000438
3 0.000420
4 0.000411
5 0.000405
6 0.000400
7 0.000397
8 0.000393
9 0.000391
10 0.000389
12 0.000386
15 0.000382
18 0.000379
20 0.000377

###
n_epochs = 20
lr = 1e-3
L_optimizer = torch.optim.SGD(L.parameters(), lr=lr)

***su_L***
1 0.001661
2 0.000497
3 0.000474
4 0.000461
5 0.000453
6 0.000446
7 0.000440
8 0.000435
9 0.000430
10 0.000426
12 0.000420
15 0.000414
18 0.000409
20 0.000406

